250
270
271
272
273
274
275
276
277
278
279
280
280.2
280.4
280.6
280.8
281
281.2
281.4
281.6
281.8
282
282.2
282.4
282.6
282.8
283
283.2
283.4
283.5
283.6
283.7
283.8
283.9
284
284.1
284.2
284.3
284.4
284.5
284.6
284.7
284.8
284.9
285
285.1
285.2
285.3
285.4
285.5
285.6
285.7
285.8
285.9
286
286.1
286.2
286.3
286.4
286.5
286.6
286.7
286.8
286.9
287
287.1
287.2
287.3
287.4
287.5
287.6
287.7
287.8
287.9
288
288.1
288.2
288.3
288.4
288.5
288.6
288.7
288.8
288.9
289
289.1
289.2
289.3
289.4
289.5
289.6
289.7
289.8
289.9
290
290.1
290.2
290.3
290.4
290.5
290.6
290.7
290.8
290.9
291
291.1
291.2
291.3
291.4
291.5
291.6
291.7
291.8
291.9
292
292.5
293
293.5
294
294.5
295
295.5
296
296.5
297
297.5
298
298.5
299
299.5
300
301
302
303
304
305
306
307
308
309
310
311
312
313
314
315
316
317
318
319
320
325
330
335
340
345
350